version https://git-lfs.github.com/spec/v1
oid sha256:dce4a1c2722329e5afff5b73c438bbf81afb5c4c607498e06ad547d630093008
size 54670
